14-00000 
SALARY CONVERTED TO. RATE SHOWN FOR INDIVIDUAL'S ORADE 
ANO STEP AS INDICATED IN CHART BELOW . 
• GE;NERAL SCHEDULE RATES 
• ·Fede~ol Employees Salary Act of 1964 
Pet Annum Rates an_d Steps - GRAD;; I . I 1 I 2 • - I 3 1· 4 1- s - I 6 I 1----=-1-a--=-1-9--=-1-1_0_ 
as:-: 1 $3,385 $3,500 $3,615 $3,730 $3,845 $3,960. $4,075 $4,i9cn;4,305 $4,420 
GS- 2 3;680 3,805 3,930 4,055 · 4,1?0 4;305 4,430 4,555 4,680 4,805 
GS- .3 4,005 4,110 4,2·7:j 4,410 • 4~54~ 4,680 4,815 4,950 5,085 5,220 
·:GS- 4 4,480 4,630 -4,780 4,930 5,080 5,230 5,380 5,!:,30 5,680 5,830 
GS-.~ 5,000 Q,165 5,330 5,495 5,660 5,825 5,990 6,155 6,320 6,485 
GS- 6 5,505 5;690 5,875 6,060 6,245 6,430 6,615 6,800 6,985 7,170 
GS- 7 6,050 '6,250 6,450 .6,650 6,?50 7,050 7,250 7,45G 7,650 7,850 
GS- 8 6,630 6,85Q 7,070 7,290 -7,510 7,730 7,950 8,170 8,390 8,610 
GS-'- 9 7,220 7,465 7,710 7,955 8,200 8,445 8,690 8,935 9,180 9,425 
GS-10 7,900 8,170 8,440 8,710 8,980 9,250 . 9,520 9,790 10,060 10,330 
GS-11 8,650 8;945 9,240 9,535 .9,830 10,125 10,420 10,715 11,010 11,305 
GS-12 10,250 10,605. 10,960 11,315 11,670 12,025 12,380 12,735 13,090 13,445 
GS-13 12,075 12,'195· 12,915 13,:i35 13,755 14",175 14,595 15,015 15,435 15,855 
GS-14 14,170 14,660 15,150 15,640 16,130 16,620 17,110 17,600 18,090 18,580 
GS-15 16,460 17,030 17,600 lS,170 18,740 l9,310 19,880 20,450 21,020 21,590 
GS-16 18,935 19,590 20,:.!4~ I :!0;900 21,555 22,210 22,865 23,520 24,175 
GS-17 21,445 22,195 2_2_,~~~ I 2_3_.~~~ ~4,445 ... .: . 
GS-18 24,500 
