13-00000 
• 
,. :.-,, 
-·r-·•,·--•.····. 
~~;,;,-r.: .. 
ATTACHMENT C 
ITEMS STILL CLASSIFIED IN MARCHETTI MANUSCRIPT 
--, 
Item No. MSS p. no. Item No. MSS E· no. 
1 11 63 86 
9 (lines 14-16; 14 67 92 
line 24, last 72 97 -- two words 73 97 -
thru line 29) 74 98 
79 100 
10 (line 1, 15 10 7 123 
first 7 words; 128 132 
line 2, last 2 129 133 
words thru 130 • 133 
l_ine 4) 148 155 • 
149 156 
18 42 152 165 
19 .43 159 181 
20 44 160 i82 
21 45 161 183 
22 46 162 184 
23 46 182 196 
24 47 194 215 
26 47 195 216 
27 48 196 217· 
28 48 197 218 
29 49 198 219 
31 54 201 222 
34 59 224 252 
. 38 63 225 253 
41 6'5 226 257 
42 65a 234 262 
43 65a 236 262 
46 (line 24, 70 256 329 
fourth word 261 334 
thru line 31) 273 380 
47 71 • 2 78 400 
48 71a · 2 79 403 
49 71a 280 404, 
so 72 283 413 
51 72 284 .413 
52 77 286 414 
53 78 287 414 
54 80 287a 415 
55 80 288 416 
56 81 290 417 
58 84 291 417 
59 85 296 425 
62 86 298 426 
