13-00000 
TAB A 
DELETED ITEMS IN THE MARCHETTI MANUSCRIPT 
_REVIEWED BY THE DDS&T 
- Item Page Item Page· 
25 47 190 214 
86 104 191 214 
87 104 192 215 
.88 105 204 233 
91 106 205 234 
• 92 107 208 235 
135 134 209 236 
136 135 245 268 
155 177 - 248 - 269 
157 179 254 327 
158 180 258 331 
159 181 259 331 -
160 182 260 331 
161 183 267 337 
163 184 268 337 
164 185 269 337 
165 185 275 394 
;t··- 166 185 295 424 
167 185 297 425 
170 189 299 426 
171 189 301 427 
172 189 302 427 
173 190 304 430 
174 191 306 431 
175 191 312 442 
,. 176 192 313 450 
[ 177 193 324 474 
178 194 325 474 
187 200 327 475 
188 201 328 476 
189 202 • 329 480 
